00001/0001 7 (256,448,3)
00001/0002 7 (256,448,3)
00001/0003 7 (256,448,3)
00001/0004 7 (256,448,3)
00001/0005 7 (256,448,3)
00001/0006 7 (256,448,3)
00001/0007 7 (256,448,3)
00001/0008 7 (256,448,3)
00001/0009 7 (256,448,3)
00001/0010 7 (256,448,3)
00001/0011 7 (256,448,3)
00001/0012 7 (256,448,3)
00001/0013 7 (256,448,3)
00001/0014 7 (256,448,3)
00001/0015 7 (256,448,3)
00001/0016 7 (256,448,3)
00001/0017 7 (256,448,3)
00001/0018 7 (256,448,3)
00001/0019 7 (256,448,3)
00001/0020 7 (256,448,3)
00001/0021 7 (256,448,3)
00001/0022 7 (256,448,3)
00001/0023 7 (256,448,3)
00001/0024 7 (256,448,3)
00001/0025 7 (256,448,3)
00001/0026 7 (256,448,3)
00001/0027 7 (256,448,3)
00001/0028 7 (256,448,3)
00001/0029 7 (256,448,3)
00001/0030 7 (256,448,3)
00001/0031 7 (256,448,3)
00001/0032 7 (256,448,3)
00001/0033 7 (256,448,3)
00001/0034 7 (256,448,3)
00001/0035 7 (256,448,3)
00001/0036 7 (256,448,3)
00001/0037 7 (256,448,3)
00001/0038 7 (256,448,3)
00001/0039 7 (256,448,3)
00001/0040 7 (256,448,3)
00001/0041 7 (256,448,3)
00001/0042 7 (256,448,3)
00001/0043 7 (256,448,3)
00001/0044 7 (256,448,3)
00001/0045 7 (256,448,3)
00001/0046 7 (256,448,3)
00001/0047 7 (256,448,3)
00001/0048 7 (256,448,3)
00001/0049 7 (256,448,3)
00001/0050 7 (256,448,3)
00001/0051 7 (256,448,3)
00001/0052 7 (256,448,3)
00001/0053 7 (256,448,3)
00001/0054 7 (256,448,3)
00001/0055 7 (256,448,3)
00001/0056 7 (256,448,3)
00001/0057 7 (256,448,3)
00001/0058 7 (256,448,3)
00001/0059 7 (256,448,3)
00001/0060 7 (256,448,3)
00001/0061 7 (256,448,3)
00001/0062 7 (256,448,3)
00001/0063 7 (256,448,3)
00001/0064 7 (256,448,3)
00001/0065 7 (256,448,3)
00001/0066 7 (256,448,3)
00001/0067 7 (256,448,3)
00001/0068 7 (256,448,3)
00001/0069 7 (256,448,3)
00001/0070 7 (256,448,3)
00001/0071 7 (256,448,3)
00001/0072 7 (256,448,3)
00001/0073 7 (256,448,3)
00001/0074 7 (256,448,3)
00001/0075 7 (256,448,3)
00001/0076 7 (256,448,3)
00001/0077 7 (256,448,3)
00001/0078 7 (256,448,3)
00001/0079 7 (256,448,3)
00001/0080 7 (256,448,3)
00001/0081 7 (256,448,3)
00001/0082 7 (256,448,3)
00001/0083 7 (256,448,3)
00001/0084 7 (256,448,3)
00001/0085 7 (256,448,3)
00001/0086 7 (256,448,3)
00001/0087 7 (256,448,3)
00001/0088 7 (256,448,3)
00001/0089 7 (256,448,3)
00001/0090 7 (256,448,3)
00001/0091 7 (256,448,3)
00001/0092 7 (256,448,3)
00001/0093 7 (256,448,3)
00001/0094 7 (256,448,3)
00001/0095 7 (256,448,3)
00001/0096 7 (256,448,3)
00001/0097 7 (256,448,3)
00001/0098 7 (256,448,3)
00001/0099 7 (256,448,3)
00001/0100 7 (256,448,3)
00001/0101 7 (256,448,3)
00001/0102 7 (256,448,3)
00001/0103 7 (256,448,3)
00001/0104 7 (256,448,3)
00001/0105 7 (256,448,3)
00001/0106 7 (256,448,3)
00001/0107 7 (256,448,3)
00001/0108 7 (256,448,3)
00001/0109 7 (256,448,3)
00001/0110 7 (256,448,3)
00001/0111 7 (256,448,3)
00001/0112 7 (256,448,3)
00001/0113 7 (256,448,3)
00001/0114 7 (256,448,3)
00001/0115 7 (256,448,3)
00001/0116 7 (256,448,3)
00001/0117 7 (256,448,3)
00001/0118 7 (256,448,3)
00001/0119 7 (256,448,3)
00001/0120 7 (256,448,3)
00001/0121 7 (256,448,3)
00001/0122 7 (256,448,3)
00001/0123 7 (256,448,3)
00001/0124 7 (256,448,3)
00001/0125 7 (256,448,3)
00001/0126 7 (256,448,3)
00001/0127 7 (256,448,3)
00001/0128 7 (256,448,3)
00001/0129 7 (256,448,3)
00001/0130 7 (256,448,3)
00001/0131 7 (256,448,3)
00001/0132 7 (256,448,3)
00001/0133 7 (256,448,3)
00001/0134 7 (256,448,3)
00001/0135 7 (256,448,3)
00001/0136 7 (256,448,3)
00001/0137 7 (256,448,3)
00001/0138 7 (256,448,3)
00001/0139 7 (256,448,3)
00001/0140 7 (256,448,3)
00001/0141 7 (256,448,3)
00001/0142 7 (256,448,3)
00001/0143 7 (256,448,3)
00001/0144 7 (256,448,3)
00001/0145 7 (256,448,3)
00001/0146 7 (256,448,3)
00001/0147 7 (256,448,3)
00001/0148 7 (256,448,3)
00001/0149 7 (256,448,3)
00001/0150 7 (256,448,3)
00001/0151 7 (256,448,3)
00001/0152 7 (256,448,3)
00001/0153 7 (256,448,3)
00001/0154 7 (256,448,3)
00001/0155 7 (256,448,3)
00001/0156 7 (256,448,3)
00001/0157 7 (256,448,3)
00001/0158 7 (256,448,3)
00001/0159 7 (256,448,3)
00001/0160 7 (256,448,3)
00001/0161 7 (256,448,3)
00001/0162 7 (256,448,3)
00001/0163 7 (256,448,3)
00001/0164 7 (256,448,3)
00001/0165 7 (256,448,3)
00001/0166 7 (256,448,3)
00001/0167 7 (256,448,3)
00001/0168 7 (256,448,3)
00001/0169 7 (256,448,3)
00001/0170 7 (256,448,3)
00001/0171 7 (256,448,3)
00001/0172 7 (256,448,3)
00001/0173 7 (256,448,3)
00001/0174 7 (256,448,3)
00001/0175 7 (256,448,3)
00001/0176 7 (256,448,3)
00001/0177 7 (256,448,3)
00001/0178 7 (256,448,3)
00001/0179 7 (256,448,3)
00001/0180 7 (256,448,3)
00001/0181 7 (256,448,3)
00001/0182 7 (256,448,3)
00001/0183 7 (256,448,3)
00001/0184 7 (256,448,3)
00001/0185 7 (256,448,3)
00001/0186 7 (256,448,3)
00001/0187 7 (256,448,3)
00001/0188 7 (256,448,3)
00001/0189 7 (256,448,3)
00001/0190 7 (256,448,3)
00001/0191 7 (256,448,3)
00001/0192 7 (256,448,3)
00001/0193 7 (256,448,3)
00001/0194 7 (256,448,3)
00001/0195 7 (256,448,3)
00001/0196 7 (256,448,3)
00001/0197 7 (256,448,3)
00001/0198 7 (256,448,3)
00001/0199 7 (256,448,3)
00001/0200 7 (256,448,3)
00001/0201 7 (256,448,3)
00001/0202 7 (256,448,3)
00001/0203 7 (256,448,3)
00001/0204 7 (256,448,3)
00001/0205 7 (256,448,3)
00001/0206 7 (256,448,3)
00001/0207 7 (256,448,3)
00001/0208 7 (256,448,3)
00001/0209 7 (256,448,3)
00001/0210 7 (256,448,3)
00001/0211 7 (256,448,3)
00001/0212 7 (256,448,3)
00001/0213 7 (256,448,3)
00001/0214 7 (256,448,3)
00001/0215 7 (256,448,3)
00001/0216 7 (256,448,3)
00001/0217 7 (256,448,3)
00001/0218 7 (256,448,3)
00001/0219 7 (256,448,3)
00001/0220 7 (256,448,3)
00001/0221 7 (256,448,3)
00001/0222 7 (256,448,3)
00001/0223 7 (256,448,3)
00001/0224 7 (256,448,3)
00001/0225 7 (256,448,3)
00001/0226 7 (256,448,3)
00001/0227 7 (256,448,3)
00001/0228 7 (256,448,3)
00001/0229 7 (256,448,3)
00001/0230 7 (256,448,3)
00001/0231 7 (256,448,3)
00001/0232 7 (256,448,3)
00001/0233 7 (256,448,3)
00001/0234 7 (256,448,3)
00001/0235 7 (256,448,3)
00001/0236 7 (256,448,3)
00001/0237 7 (256,448,3)
00001/0238 7 (256,448,3)
00001/0239 7 (256,448,3)
00001/0240 7 (256,448,3)
00001/0241 7 (256,448,3)
00001/0242 7 (256,448,3)
00001/0243 7 (256,448,3)
00001/0244 7 (256,448,3)
00001/0245 7 (256,448,3)
00001/0246 7 (256,448,3)
00001/0247 7 (256,448,3)
00001/0248 7 (256,448,3)
00001/0249 7 (256,448,3)
00001/0250 7 (256,448,3)
00001/0251 7 (256,448,3)
00001/0252 7 (256,448,3)
00001/0253 7 (256,448,3)
00001/0254 7 (256,448,3)
00001/0255 7 (256,448,3)
00001/0256 7 (256,448,3)
00001/0257 7 (256,448,3)
00001/0258 7 (256,448,3)
00001/0259 7 (256,448,3)
00001/0260 7 (256,448,3)
00001/0261 7 (256,448,3)
00001/0262 7 (256,448,3)
00001/0263 7 (256,448,3)
00001/0264 7 (256,448,3)
00001/0265 7 (256,448,3)
00001/0305 7 (256,448,3)
00001/0306 7 (256,448,3)
00001/0307 7 (256,448,3)
00001/0308 7 (256,448,3)
00001/0309 7 (256,448,3)
00001/0310 7 (256,448,3)
00001/0311 7 (256,448,3)
00001/0312 7 (256,448,3)
00001/0313 7 (256,448,3)
00001/0314 7 (256,448,3)
00001/0315 7 (256,448,3)
00001/0316 7 (256,448,3)
00001/0317 7 (256,448,3)
00001/0318 7 (256,448,3)
00001/0319 7 (256,448,3)
00001/0320 7 (256,448,3)
00001/0321 7 (256,448,3)
00001/0322 7 (256,448,3)
00001/0323 7 (256,448,3)
00001/0324 7 (256,448,3)
00001/0325 7 (256,448,3)
00001/0326 7 (256,448,3)
00001/0327 7 (256,448,3)
00001/0328 7 (256,448,3)
00001/0329 7 (256,448,3)
00001/0330 7 (256,448,3)
00001/0331 7 (256,448,3)
00001/0332 7 (256,448,3)
00001/0333 7 (256,448,3)
00001/0334 7 (256,448,3)
00001/0335 7 (256,448,3)
00001/0336 7 (256,448,3)
00001/0337 7 (256,448,3)
00001/0338 7 (256,448,3)
00001/0339 7 (256,448,3)
00001/0340 7 (256,448,3)
00001/0341 7 (256,448,3)
00001/0342 7 (256,448,3)
00001/0343 7 (256,448,3)
00001/0344 7 (256,448,3)
00001/0345 7 (256,448,3)
00001/0346 7 (256,448,3)
00001/0347 7 (256,448,3)
00001/0348 7 (256,448,3)
00001/0349 7 (256,448,3)
00001/0350 7 (256,448,3)
00001/0351 7 (256,448,3)
00001/0352 7 (256,448,3)
00001/0353 7 (256,448,3)
00001/0354 7 (256,448,3)
00001/0355 7 (256,448,3)
00001/0356 7 (256,448,3)
00001/0357 7 (256,448,3)
00001/0358 7 (256,448,3)
00001/0359 7 (256,448,3)
00001/0360 7 (256,448,3)
00001/0361 7 (256,448,3)
00001/0362 7 (256,448,3)
00001/0363 7 (256,448,3)
00001/0364 7 (256,448,3)
00001/0365 7 (256,448,3)
00001/0366 7 (256,448,3)
00001/0367 7 (256,448,3)
00001/0368 7 (256,448,3)
00001/0369 7 (256,448,3)
00001/0370 7 (256,448,3)
00001/0371 7 (256,448,3)
00001/0372 7 (256,448,3)
00001/0373 7 (256,448,3)
00001/0374 7 (256,448,3)
00001/0375 7 (256,448,3)
00001/0376 7 (256,448,3)
00001/0377 7 (256,448,3)
00001/0378 7 (256,448,3)
00001/0379 7 (256,448,3)
00001/0380 7 (256,448,3)
00001/0381 7 (256,448,3)
00001/0382 7 (256,448,3)
00001/0383 7 (256,448,3)
00001/0384 7 (256,448,3)
00001/0385 7 (256,448,3)
00001/0386 7 (256,448,3)
00001/0387 7 (256,448,3)
00001/0388 7 (256,448,3)
00001/0389 7 (256,448,3)
00001/0390 7 (256,448,3)
00001/0391 7 (256,448,3)
00001/0392 7 (256,448,3)
00001/0393 7 (256,448,3)
00001/0394 7 (256,448,3)
00001/0395 7 (256,448,3)
00001/0396 7 (256,448,3)
00001/0397 7 (256,448,3)
00001/0398 7 (256,448,3)
00001/0399 7 (256,448,3)
00001/0400 7 (256,448,3)
00001/0401 7 (256,448,3)
00001/0402 7 (256,448,3)
00001/0403 7 (256,448,3)
00001/0404 7 (256,448,3)
00001/0405 7 (256,448,3)
00001/0406 7 (256,448,3)
00001/0407 7 (256,448,3)
00001/0408 7 (256,448,3)
00001/0409 7 (256,448,3)
00001/0410 7 (256,448,3)
00001/0411 7 (256,448,3)
00001/0412 7 (256,448,3)
00001/0413 7 (256,448,3)
00001/0414 7 (256,448,3)
00001/0415 7 (256,448,3)
00001/0416 7 (256,448,3)
00001/0417 7 (256,448,3)
00001/0418 7 (256,448,3)
00001/0419 7 (256,448,3)
00001/0420 7 (256,448,3)
00001/0421 7 (256,448,3)
00001/0422 7 (256,448,3)
00001/0423 7 (256,448,3)
00001/0424 7 (256,448,3)
00001/0425 7 (256,448,3)
00001/0426 7 (256,448,3)
00001/0427 7 (256,448,3)
00001/0428 7 (256,448,3)
00001/0429 7 (256,448,3)
00001/0430 7 (256,448,3)
00001/0431 7 (256,448,3)
00001/0432 7 (256,448,3)
00001/0433 7 (256,448,3)
00001/0434 7 (256,448,3)
00001/0435 7 (256,448,3)
00001/0436 7 (256,448,3)
00001/0437 7 (256,448,3)
00001/0438 7 (256,448,3)
00001/0439 7 (256,448,3)
00001/0440 7 (256,448,3)
00001/0441 7 (256,448,3)
00001/0442 7 (256,448,3)
00001/0443 7 (256,448,3)
00001/0444 7 (256,448,3)
00001/0445 7 (256,448,3)
00001/0446 7 (256,448,3)
00001/0447 7 (256,448,3)
00001/0448 7 (256,448,3)
00001/0449 7 (256,448,3)
00001/0450 7 (256,448,3)
00001/0451 7 (256,448,3)
00001/0452 7 (256,448,3)
00001/0453 7 (256,448,3)
00001/0454 7 (256,448,3)
00001/0455 7 (256,448,3)
00001/0456 7 (256,448,3)
00001/0457 7 (256,448,3)
00001/0458 7 (256,448,3)
00001/0459 7 (256,448,3)
00001/0460 7 (256,448,3)
00001/0461 7 (256,448,3)
00001/0462 7 (256,448,3)
00001/0463 7 (256,448,3)
00001/0464 7 (256,448,3)
00001/0465 7 (256,448,3)
00001/0466 7 (256,448,3)
00001/0467 7 (256,448,3)
00001/0468 7 (256,448,3)
00001/0469 7 (256,448,3)
00001/0470 7 (256,448,3)
00001/0471 7 (256,448,3)
00001/0472 7 (256,448,3)
00001/0473 7 (256,448,3)
00001/0474 7 (256,448,3)
00001/0475 7 (256,448,3)
00001/0476 7 (256,448,3)
00001/0477 7 (256,448,3)
00001/0478 7 (256,448,3)
00001/0479 7 (256,448,3)
00001/0480 7 (256,448,3)
00001/0481 7 (256,448,3)
00001/0482 7 (256,448,3)
00001/0483 7 (256,448,3)
00001/0484 7 (256,448,3)
00001/0485 7 (256,448,3)
00001/0486 7 (256,448,3)
00001/0487 7 (256,448,3)
00001/0488 7 (256,448,3)
00001/0489 7 (256,448,3)
00001/0490 7 (256,448,3)
00001/0491 7 (256,448,3)
00001/0492 7 (256,448,3)
00001/0493 7 (256,448,3)
00001/0494 7 (256,448,3)
00001/0495 7 (256,448,3)
00001/0496 7 (256,448,3)
00001/0497 7 (256,448,3)
00001/0498 7 (256,448,3)
00001/0499 7 (256,448,3)
00001/0500 7 (256,448,3)
00001/0501 7 (256,448,3)
00001/0502 7 (256,448,3)
00001/0503 7 (256,448,3)
00001/0504 7 (256,448,3)
00001/0505 7 (256,448,3)
00001/0506 7 (256,448,3)
00001/0507 7 (256,448,3)
00001/0508 7 (256,448,3)
00001/0509 7 (256,448,3)
00001/0510 7 (256,448,3)
00001/0511 7 (256,448,3)
00001/0512 7 (256,448,3)
00001/0513 7 (256,448,3)
00001/0514 7 (256,448,3)
00001/0515 7 (256,448,3)
00001/0516 7 (256,448,3)
00001/0517 7 (256,448,3)
00001/0518 7 (256,448,3)
00001/0519 7 (256,448,3)
00001/0520 7 (256,448,3)
00001/0521 7 (256,448,3)
00001/0522 7 (256,448,3)
00001/0523 7 (256,448,3)
00001/0524 7 (256,448,3)
00001/0525 7 (256,448,3)
00001/0526 7 (256,448,3)
00001/0527 7 (256,448,3)
00001/0528 7 (256,448,3)
00001/0529 7 (256,448,3)
00001/0530 7 (256,448,3)
00001/0531 7 (256,448,3)
00001/0532 7 (256,448,3)
00001/0533 7 (256,448,3)
00001/0534 7 (256,448,3)
00001/0535 7 (256,448,3)
00001/0536 7 (256,448,3)
00001/0537 7 (256,448,3)
00001/0538 7 (256,448,3)
00001/0539 7 (256,448,3)
00001/0540 7 (256,448,3)
00001/0541 7 (256,448,3)
00001/0542 7 (256,448,3)
00001/0543 7 (256,448,3)
00001/0544 7 (256,448,3)
00001/0545 7 (256,448,3)
00001/0546 7 (256,448,3)
00001/0547 7 (256,448,3)
00001/0548 7 (256,448,3)
00001/0549 7 (256,448,3)
00001/0550 7 (256,448,3)
00001/0551 7 (256,448,3)
00001/0552 7 (256,448,3)
00001/0553 7 (256,448,3)
00001/0554 7 (256,448,3)
00001/0555 7 (256,448,3)
00001/0556 7 (256,448,3)
00001/0557 7 (256,448,3)
00001/0558 7 (256,448,3)
00001/0559 7 (256,448,3)
00001/0560 7 (256,448,3)
00001/0561 7 (256,448,3)
00001/0562 7 (256,448,3)
00001/0563 7 (256,448,3)
00001/0564 7 (256,448,3)
00001/0565 7 (256,448,3)
00001/0566 7 (256,448,3)
00001/0567 7 (256,448,3)
00001/0568 7 (256,448,3)
00001/0569 7 (256,448,3)
00001/0570 7 (256,448,3)
00001/0571 7 (256,448,3)
00001/0572 7 (256,448,3)
00001/0573 7 (256,448,3)
00001/0574 7 (256,448,3)
00001/0575 7 (256,448,3)
00001/0576 7 (256,448,3)
00001/0577 7 (256,448,3)
00001/0578 7 (256,448,3)
00001/0579 7 (256,448,3)
00001/0580 7 (256,448,3)
00001/0581 7 (256,448,3)
00001/0582 7 (256,448,3)
00001/0583 7 (256,448,3)
00001/0584 7 (256,448,3)
00001/0585 7 (256,448,3)
00001/0586 7 (256,448,3)
00001/0587 7 (256,448,3)
00001/0588 7 (256,448,3)
00001/0589 7 (256,448,3)
00001/0590 7 (256,448,3)
00001/0591 7 (256,448,3)
00001/0592 7 (256,448,3)
00001/0593 7 (256,448,3)
00001/0594 7 (256,448,3)
00001/0595 7 (256,448,3)
00001/0596 7 (256,448,3)
00001/0597 7 (256,448,3)
00001/0598 7 (256,448,3)
00001/0599 7 (256,448,3)
00001/0600 7 (256,448,3)
00001/0601 7 (256,448,3)
00001/0602 7 (256,448,3)
00001/0603 7 (256,448,3)
00001/0604 7 (256,448,3)
00001/0605 7 (256,448,3)
00001/0606 7 (256,448,3)
00001/0607 7 (256,448,3)
00001/0608 7 (256,448,3)
00001/0609 7 (256,448,3)
00001/0610 7 (256,448,3)
00001/0611 7 (256,448,3)
00001/0612 7 (256,448,3)
00001/0613 7 (256,448,3)
00001/0614 7 (256,448,3)
00001/0615 7 (256,448,3)
00001/0616 7 (256,448,3)
00001/0617 7 (256,448,3)
00001/0618 7 (256,448,3)
00001/0649 7 (256,448,3)
00001/0650 7 (256,448,3)
00001/0651 7 (256,448,3)
00001/0652 7 (256,448,3)
00001/0653 7 (256,448,3)
00001/0654 7 (256,448,3)
00001/0655 7 (256,448,3)
00001/0656 7 (256,448,3)
00001/0657 7 (256,448,3)
00001/0658 7 (256,448,3)
00001/0659 7 (256,448,3)
00001/0660 7 (256,448,3)
00001/0661 7 (256,448,3)
00001/0662 7 (256,448,3)
00001/0663 7 (256,448,3)
00001/0664 7 (256,448,3)
00001/0665 7 (256,448,3)
00001/0666 7 (256,448,3)
00001/0667 7 (256,448,3)
00001/0668 7 (256,448,3)
00001/0669 7 (256,448,3)
00001/0670 7 (256,448,3)
00001/0671 7 (256,448,3)
00001/0672 7 (256,448,3)
00001/0673 7 (256,448,3)
00001/0674 7 (256,448,3)
00001/0675 7 (256,448,3)
00001/0676 7 (256,448,3)
00001/0677 7 (256,448,3)
00001/0678 7 (256,448,3)
00001/0679 7 (256,448,3)
00001/0680 7 (256,448,3)
00001/0681 7 (256,448,3)
00001/0682 7 (256,448,3)
00001/0683 7 (256,448,3)
00001/0684 7 (256,448,3)
00001/0685 7 (256,448,3)
00001/0686 7 (256,448,3)
00001/0687 7 (256,448,3)
00001/0688 7 (256,448,3)
00001/0689 7 (256,448,3)
00001/0690 7 (256,448,3)
00001/0691 7 (256,448,3)
00001/0692 7 (256,448,3)
00001/0693 7 (256,448,3)
00001/0694 7 (256,448,3)
00001/0695 7 (256,448,3)
00001/0696 7 (256,448,3)
00001/0697 7 (256,448,3)
00001/0698 7 (256,448,3)
00001/0699 7 (256,448,3)
00001/0700 7 (256,448,3)
00001/0701 7 (256,448,3)
00001/0702 7 (256,448,3)
00001/0703 7 (256,448,3)
00001/0704 7 (256,448,3)
00001/0705 7 (256,448,3)
00001/0706 7 (256,448,3)
00001/0707 7 (256,448,3)
00001/0708 7 (256,448,3)
00001/0709 7 (256,448,3)
00001/0710 7 (256,448,3)
00001/0711 7 (256,448,3)
00001/0712 7 (256,448,3)
00001/0713 7 (256,448,3)
00001/0714 7 (256,448,3)
00001/0715 7 (256,448,3)
00001/0716 7 (256,448,3)
00001/0717 7 (256,448,3)
00001/0718 7 (256,448,3)
00001/0719 7 (256,448,3)
00001/0720 7 (256,448,3)
00001/0721 7 (256,448,3)
00001/0722 7 (256,448,3)
00001/0723 7 (256,448,3)
00001/0724 7 (256,448,3)
00001/0725 7 (256,448,3)
00001/0726 7 (256,448,3)
00001/0727 7 (256,448,3)
00001/0728 7 (256,448,3)
00001/0729 7 (256,448,3)
00001/0730 7 (256,448,3)
00001/0731 7 (256,448,3)
00001/0732 7 (256,448,3)
00001/0733 7 (256,448,3)
00001/0734 7 (256,448,3)
00001/0735 7 (256,448,3)
00001/0736 7 (256,448,3)
00001/0737 7 (256,448,3)
00001/0738 7 (256,448,3)
00001/0739 7 (256,448,3)
00001/0740 7 (256,448,3)
00001/0741 7 (256,448,3)
00001/0742 7 (256,448,3)
00001/0743 7 (256,448,3)
00001/0744 7 (256,448,3)
00001/0745 7 (256,448,3)
00001/0746 7 (256,448,3)
00001/0747 7 (256,448,3)
00001/0748 7 (256,448,3)
00001/0749 7 (256,448,3)
00001/0750 7 (256,448,3)
00001/0751 7 (256,448,3)
00001/0752 7 (256,448,3)
00001/0753 7 (256,448,3)
00001/0754 7 (256,448,3)
00001/0755 7 (256,448,3)
00001/0756 7 (256,448,3)
00001/0757 7 (256,448,3)
00001/0758 7 (256,448,3)
00001/0759 7 (256,448,3)
00001/0760 7 (256,448,3)
00001/0761 7 (256,448,3)
00001/0762 7 (256,448,3)
00001/0763 7 (256,448,3)
00001/0764 7 (256,448,3)
00001/0765 7 (256,448,3)
00001/0766 7 (256,448,3)
00001/0767 7 (256,448,3)
00001/0768 7 (256,448,3)
00001/0769 7 (256,448,3)
00001/0770 7 (256,448,3)
00001/0771 7 (256,448,3)
00001/0772 7 (256,448,3)
00001/0773 7 (256,448,3)
00001/0774 7 (256,448,3)
00001/0775 7 (256,448,3)
00001/0776 7 (256,448,3)
00001/0777 7 (256,448,3)
00001/0778 7 (256,448,3)
00001/0779 7 (256,448,3)
00001/0780 7 (256,448,3)
00001/0781 7 (256,448,3)
00001/0782 7 (256,448,3)
00001/0840 7 (256,448,3)
00001/0841 7 (256,448,3)
00001/0842 7 (256,448,3)
00001/0843 7 (256,448,3)
00001/0853 7 (256,448,3)
00001/0854 7 (256,448,3)
00001/0855 7 (256,448,3)
00001/0856 7 (256,448,3)
00001/0857 7 (256,448,3)
00001/0858 7 (256,448,3)
00001/0859 7 (256,448,3)
00001/0860 7 (256,448,3)
00001/0861 7 (256,448,3)
00001/0862 7 (256,448,3)
00001/0863 7 (256,448,3)
00001/0864 7 (256,448,3)
00001/0865 7 (256,448,3)
00001/0866 7 (256,448,3)
00001/0867 7 (256,448,3)
00001/0868 7 (256,448,3)
00001/0869 7 (256,448,3)
00001/0870 7 (256,448,3)
00001/0871 7 (256,448,3)
00001/0872 7 (256,448,3)
00001/0873 7 (256,448,3)
00001/0874 7 (256,448,3)
00001/0875 7 (256,448,3)
00001/0876 7 (256,448,3)
00001/0877 7 (256,448,3)
00001/0878 7 (256,448,3)
00001/0879 7 (256,448,3)
00001/0880 7 (256,448,3)
00001/0881 7 (256,448,3)
00001/0882 7 (256,448,3)
00001/0883 7 (256,448,3)
00001/0884 7 (256,448,3)
00001/0885 7 (256,448,3)
00001/0886 7 (256,448,3)
00001/0887 7 (256,448,3)
00001/0888 7 (256,448,3)
00001/0889 7 (256,448,3)
00001/0890 7 (256,448,3)
00001/0891 7 (256,448,3)
00001/0892 7 (256,448,3)
00001/0893 7 (256,448,3)
00001/0894 7 (256,448,3)
00001/0895 7 (256,448,3)
00001/0896 7 (256,448,3)
00001/0897 7 (256,448,3)
00001/0898 7 (256,448,3)
00001/0899 7 (256,448,3)
00001/0900 7 (256,448,3)
00001/0901 7 (256,448,3)
00001/0902 7 (256,448,3)
00001/0903 7 (256,448,3)
00001/0904 7 (256,448,3)
00001/0905 7 (256,448,3)
00001/0906 7 (256,448,3)
00001/0907 7 (256,448,3)
00001/0908 7 (256,448,3)
00001/0909 7 (256,448,3)
00001/0910 7 (256,448,3)
00001/0911 7 (256,448,3)
00001/0912 7 (256,448,3)
00001/0913 7 (256,448,3)
00001/0914 7 (256,448,3)
00001/0915 7 (256,448,3)
00001/0916 7 (256,448,3)
00001/0917 7 (256,448,3)
00001/0918 7 (256,448,3)
00001/0919 7 (256,448,3)
00001/0920 7 (256,448,3)
00001/0921 7 (256,448,3)
00001/0922 7 (256,448,3)
00001/0923 7 (256,448,3)
00001/0924 7 (256,448,3)
00001/0925 7 (256,448,3)
00001/0926 7 (256,448,3)
00001/0927 7 (256,448,3)
00001/0928 7 (256,448,3)
00001/0929 7 (256,448,3)
00001/0930 7 (256,448,3)
00001/0931 7 (256,448,3)
00001/0932 7 (256,448,3)
00001/0933 7 (256,448,3)
00001/0934 7 (256,448,3)
00001/0935 7 (256,448,3)
00001/0936 7 (256,448,3)
00001/0937 7 (256,448,3)
00001/0938 7 (256,448,3)
00001/0939 7 (256,448,3)
00001/0940 7 (256,448,3)
00001/0941 7 (256,448,3)
00001/0942 7 (256,448,3)
00001/0943 7 (256,448,3)
00001/0944 7 (256,448,3)
00001/0945 7 (256,448,3)
00001/0946 7 (256,448,3)
00001/0947 7 (256,448,3)
00001/0948 7 (256,448,3)
00001/0949 7 (256,448,3)
00001/0950 7 (256,448,3)
00001/0951 7 (256,448,3)
00001/0952 7 (256,448,3)
00001/0953 7 (256,448,3)
00001/0954 7 (256,448,3)
00001/0955 7 (256,448,3)
00001/0956 7 (256,448,3)
00001/0957 7 (256,448,3)
00001/0958 7 (256,448,3)
00001/0959 7 (256,448,3)
00001/0960 7 (256,448,3)
00001/0961 7 (256,448,3)
00001/0962 7 (256,448,3)
00001/0963 7 (256,448,3)
00001/0964 7 (256,448,3)
00001/0965 7 (256,448,3)
00001/0966 7 (256,448,3)
00001/0967 7 (256,448,3)
00001/0968 7 (256,448,3)
00001/0969 7 (256,448,3)
00001/0970 7 (256,448,3)
00001/0971 7 (256,448,3)
00001/0972 7 (256,448,3)
00001/0973 7 (256,448,3)
00001/0974 7 (256,448,3)
00001/0975 7 (256,448,3)
00001/0976 7 (256,448,3)
00001/0977 7 (256,448,3)
00001/0978 7 (256,448,3)
00002/0017 7 (256,448,3)
00002/0018 7 (256,448,3)
00002/0019 7 (256,448,3)
00002/0020 7 (256,448,3)
00002/0021 7 (256,448,3)
00002/0022 7 (256,448,3)
00002/0023 7 (256,448,3)
00002/0048 7 (256,448,3)
00002/0049 7 (256,448,3)
00002/0050 7 (256,448,3)
00002/0051 7 (256,448,3)
00002/0052 7 (256,448,3)
00002/0053 7 (256,448,3)
00002/0054 7 (256,448,3)
00002/0055 7 (256,448,3)
00002/0056 7 (256,448,3)
00002/0057 7 (256,448,3)
00002/0058 7 (256,448,3)
00002/0059 7 (256,448,3)
00002/0060 7 (256,448,3)
00002/0061 7 (256,448,3)
00002/0062 7 (256,448,3)
00002/0063 7 (256,448,3)
00002/0064 7 (256,448,3)
00002/0065 7 (256,448,3)
00002/0066 7 (256,448,3)
00002/0067 7 (256,448,3)
00002/0068 7 (256,448,3)
00002/0069 7 (256,448,3)
00002/0070 7 (256,448,3)
00002/0071 7 (256,448,3)
00002/0072 7 (256,448,3)
00002/0073 7 (256,448,3)
00002/0074 7 (256,448,3)
00002/0075 7 (256,448,3)
00002/0076 7 (256,448,3)
00002/0077 7 (256,448,3)
00002/0078 7 (256,448,3)
00002/0079 7 (256,448,3)
00002/0080 7 (256,448,3)
00002/0081 7 (256,448,3)
00002/0082 7 (256,448,3)
00002/0083 7 (256,448,3)
00002/0084 7 (256,448,3)
00002/0085 7 (256,448,3)
00002/0086 7 (256,448,3)
00002/0087 7 (256,448,3)
00002/0088 7 (256,448,3)
00002/0089 7 (256,448,3)
00002/0090 7 (256,448,3)
00002/0105 7 (256,448,3)
00002/0106 7 (256,448,3)
00002/0107 7 (256,448,3)
00002/0108 7 (256,448,3)
00002/0109 7 (256,448,3)
00002/0110 7 (256,448,3)
00002/0111 7 (256,448,3)
00002/0127 7 (256,448,3)
00002/0128 7 (256,448,3)
00002/0129 7 (256,448,3)
00002/0130 7 (256,448,3)
00002/0131 7 (256,448,3)
00002/0132 7 (256,448,3)
00002/0133 7 (256,448,3)
00002/0134 7 (256,448,3)
00002/0135 7 (256,448,3)
00002/0136 7 (256,448,3)
00002/0137 7 (256,448,3)
00002/0138 7 (256,448,3)
00002/0139 7 (256,448,3)
00002/0140 7 (256,448,3)
00002/0141 7 (256,448,3)
00002/0142 7 (256,448,3)
00002/0143 7 (256,448,3)
00002/0144 7 (256,448,3)
00002/0145 7 (256,448,3)
00002/0146 7 (256,448,3)
00002/0147 7 (256,448,3)
00002/0148 7 (256,448,3)
00002/0149 7 (256,448,3)
00002/0150 7 (256,448,3)
00002/0151 7 (256,448,3)
00002/0152 7 (256,448,3)
00002/0153 7 (256,448,3)
00002/0154 7 (256,448,3)
00002/0155 7 (256,448,3)
00002/0156 7 (256,448,3)
00002/0157 7 (256,448,3)
00002/0158 7 (256,448,3)
00002/0159 7 (256,448,3)
00002/0160 7 (256,448,3)
00002/0161 7 (256,448,3)
00002/0162 7 (256,448,3)
00002/0163 7 (256,448,3)
00002/0164 7 (256,448,3)
00002/0165 7 (256,448,3)
00002/0166 7 (256,448,3)
00002/0167 7 (256,448,3)
00002/0168 7 (256,448,3)
00002/0169 7 (256,448,3)
00002/0170 7 (256,448,3)
00002/0171 7 (256,448,3)
00002/0172 7 (256,448,3)
00002/0173 7 (256,448,3)
00002/0174 7 (256,448,3)
00002/0175 7 (256,448,3)
00002/0176 7 (256,448,3)
00002/0177 7 (256,448,3)
00002/0178 7 (256,448,3)
00002/0179 7 (256,448,3)
00002/0180 7 (256,448,3)
00002/0181 7 (256,448,3)
00002/0182 7 (256,448,3)
00002/0183 7 (256,448,3)
00002/0184 7 (256,448,3)
00002/0185 7 (256,448,3)
00002/0186 7 (256,448,3)
00002/0187 7 (256,448,3)
00002/0188 7 (256,448,3)
00002/0189 7 (256,448,3)
00002/0190 7 (256,448,3)
00002/0191 7 (256,448,3)
00002/0192 7 (256,448,3)
00002/0193 7 (256,448,3)
00002/0194 7 (256,448,3)
00002/0195 7 (256,448,3)
00002/0196 7 (256,448,3)
00002/0197 7 (256,448,3)
00002/0198 7 (256,448,3)
00002/0199 7 (256,448,3)
00002/0200 7 (256,448,3)
00002/0201 7 (256,448,3)
00002/0202 7 (256,448,3)
00002/0203 7 (256,448,3)
00002/0204 7 (256,448,3)
00002/0205 7 (256,448,3)
00002/0206 7 (256,448,3)
00002/0211 7 (256,448,3)
00002/0212 7 (256,448,3)
00002/0213 7 (256,448,3)
00002/0214 7 (256,448,3)
00002/0215 7 (256,448,3)
00002/0216 7 (256,448,3)
00002/0217 7 (256,448,3)
00002/0218 7 (256,448,3)
00002/0219 7 (256,448,3)
00002/0220 7 (256,448,3)
00002/0221 7 (256,448,3)
00002/0222 7 (256,448,3)
00002/0223 7 (256,448,3)
00002/0224 7 (256,448,3)
00002/0225 7 (256,448,3)
00002/0226 7 (256,448,3)
00002/0227 7 (256,448,3)
00002/0228 7 (256,448,3)
00002/0229 7 (256,448,3)
00002/0230 7 (256,448,3)